50  0.1     0.568182 0.568182 0.568182
50  0.15    0.852273 0.929752 0.840336
50  0.2     4.198767 3.998063 3.778198
50  0.25    6.206449 4.330774 4.315588
50  0.3     5.734706 4.388761 4.215815
50  0.35    5.088145 3.979991 3.528131
50  0.4     3.005468 2.611049 2.568703

75  0.2     3.392415 3.026094 1.851852
75  0.25    6.383678 4.618377 4.495696
75  0.3     6.606704 4.712897 4.688312
75  0.35    4.172876 4.002889 3.702766

100 0.1     0.000000 0.000000 0.000000
100 0.15    0.534759 0.534759 0.534759
100 0.2     2.143342 1.258741 1.098901
100 0.25    5.165289 4.674475 4.585351
100 0.3     6.716610 4.731707 4.696989
100 0.35    4.116638 4.195187 3.948015
100 0.4     4.023845 3.829006 3.746881

150 0.2     0.757576 0.757576 0.757576
150 0.25    3.767123 1.995565 1.886792
150 0.3     5.775402 6.051776 5.417539
150 0.35    4.951481 4.759935 4.838217